1,Greenock,55.9473423,-4.7564721
2,Glasgow,55.861155,-4.2501687
3,Preston,53.7593363,-2.6992717
4,Birmingham,52.4796992,-1.9026911
5,Southampton,50.9025349,-1.404189
6,Le Havre,49.4938975,0.1079732
7,Paris,48.8534951,2.3483915
8,Orleans,47.9027336,1.9086066
9,Bordeaux,44.841225,-0.5800364
10,San Sebastian,43.3224219,-1.9838889
11,Burgos,42.343926,-3.696977
12,Madrid,40.4167047,-3.7035825
13,Seville,37.3886303,-5.9953403
14,Algeciras,36.1311725,-5.4473991
15,Inverness,57.4790124,-4.225739
16,Perth,-31.9558933,115.8605855
17,Edinburgh,55.9533456,-3.1883749
18,Newcastle,54.9738474,-1.6131572
19,London,51.5074456,-0.1277653
20,Folkestone,51.0791335,1.1794073
21,Dover,51.1251275,1.3134228
22,Calais,50.9524769,1.8538446
23,Lyon,45.7578137,4.8320114
24,Orange,33.750631,-117.8722311
25,Narbonne,43.1837757,3.0041906
26,Girona,41.9793006,2.8199439
27,Barcelona,41.3828939,2.1774322
28,Tarragona,41.1172364,1.2546057
29,Castellon de la Plana,39.9860347,-0.0377354
30,Valencia,39.4697065,-0.3763353
31,Alicante,38.3436365,-0.4881708
32,Murcia,37.9923795,-1.1305431
33,Almeria,36.8414197,-2.4628135
34,Malaga,36.7213028,-4.4216366
35,Hook of Holland,51.9771615,4.1314526
36,Rotterdam,51.9244424,4.47775
37,Eindhoven,51.44855695,5.450122521857143
38,Maastricht,50.85798545,5.6969881818221095
39,Liege,50.6450944,5.5736112
40,Bastogne,50.0023102,5.7173386
41,Arlon,49.6834601,5.8167711
42,Luxembourg,49.6112768,6.129799
43,Metz,49.1196964,6.1763552
44,Saint-Avold,49.1043397,6.7071754
45,Strasbourg,48.584614,7.7507127
46,Mulhouse,47.7467233,7.3389937
47,Basel,47.5581077,7.5878261
48,Olten,47.3496571,7.903787
49,Bern,46.9484742,7.4521749
50,Lausanne,46.5218269,6.6327025
51,Geneva,46.2017559,6.1466014
52,Mont Blanc,45.8327056,6.8651706
53,Aosta,45.7370885,7.3196649
54,Ivrea,45.4673791,7.874797
55,Vercelli,45.55538265,8.346283678327271
56,Alessandria,44.83495335,8.745030418605868
57,Genoa,44.40726,8.9338624
58,Bastia,42.6993979,9.4509187
59,Porto-Vecchio,41.5911382,9.2794469
60,Bonifacio,41.3878259,9.1606179
61,Porto Torres,40.8370333,8.4013292
62,Sassari,40.7232643,8.5610074
63,Cagliari,39.2171994,9.113311
64,Amsterdam,52.3730796,4.8924534
65,Utrecht,52.0907006,5.1215634
66,Arnhem,52.0056642,5.8762345077641305
67,Emmerich,51.8322137,6.2428283
68,Oberhausen,51.4696137,6.8514435
69,Cologne,43.7218277,0.9774958
70,Frankfurt am Main,50.1106444,8.6820917
71,Heidelberg,49.4093582,8.694724
72,Karlsruhe,49.0068705,8.4034195
73,Offenburg,48.4716556,7.944378
74,Lucerne,47.0505452,8.3054682
75,Altdorf,48.5229995,7.5271687
76,Gotthard Pass,46.5563,8.5787
77,Bellinzona,46.1920538,9.0205888
78,Lugano,46.0050102,8.9520281
79,Chiasso,45.8355209,9.0290169
80,Como,45.939475900000005,9.149410145408947
81,Milan,45.4641943,9.1896346
82,Piacenza,44.8476352,9.666531257696896
83,Parma,44.8013678,10.3280833
84,Modena,44.5384728,10.935960870530739
85,Florence,43.7698712,11.2555757
86,Rome,41.8933203,12.4829321
87,Karesuvanto,68.4499869,22.4853399
88,Karesuando,68.4405054,22.4743151
89,Arvidsjaur,65.666667,19.25
90,Ostersund,63.1793655,14.6357061
91,Mora,39.683248,-3.7729231
92,Saffle,59.116667,12.85
93,Gothenburg,57.7072326,11.9670171
94,Frederikshavn,57.4412134,10.5336225
95,Aalborg,57.0462626,9.9215263
96,Aarhus,56.1496278,10.2134046
97,Vejle,55.7000057,9.5333238
98,Kolding,55.4894999,9.47905
99,Flensburg,54.7833021,9.4333264
100,Hamburg,53.5672881,9.941726150411604
101,Hanover,52.3744779,9.7385532
102,Gottingen,51.5328328,9.9351811
103,Kassel,51.3154546,9.4924096
104,Fulda,50.5542328,9.6770448
105,Wurzburg,49.79245,9.932966
106,Nuremberg,49.453872,11.077298
107,Munich,48.1371079,11.5753822
108,Rosenheim,47.8539273,12.127262
109,Worgl,47.4872718,12.0637633
110,Innsbruck,47.2654296,11.3927685
111,Brenner,47.0073993,11.5066996
112,Fortezza,46.7868474,11.61245
113,Bolzano,46.655945450000004,11.23021287087526
114,Trento,46.0664228,11.1257601
115,Verona,45.4384958,10.9924122
116,Bologna,44.4938203,11.3426327
117,Cesena,44.136352,12.2422442
118,Perugia,43.1070321,12.402996209906487
119,Fiano Romano,42.1719129,12.5927265
120,Naples,40.8358846,14.2487679
121,Salerno,40.419441649999996,15.310756230322482
122,Sicignano degli Alburni,40.560311,15.303957
123,Cosenza,39.596685300000004,16.333055599019605
124,Villa San Giovanni,38.2180591,15.638486
125,Messina,38.1937571,15.5542082
126,Catania,37.5023612,15.0873718
127,Siracusa,37.0646139,15.2907196
128,Gela,37.0664363,14.2502445
129,Helsingor,56.0348739,12.6130073
130,Copenhagen,55.6867243,12.5700724
131,Koge,55.4565009,12.1818964
132,Vordingborg,55.0102518,11.9097478
133,Faro,54.9501711,11.99018870388836
134,Nykobing Falster,54.7646137,11.8709918
135,Gedser,54.5770446,11.9313561
136,Rostock,54.0886707,12.1400211
137,Berlin,52.5170365,13.3888599
138,Lubbenau,51.8680114,13.9689477
139,Dresden,51.0493286,13.7381437
140,Usti nad Labem,50.6603327,14.0381357
141,Prague,50.0874654,14.4212535
142,Tabor,49.4141533,14.6587234
143,Linz,48.3059078,14.286198
144,Salzburg,47.7981346,13.0464806
145,Villach,46.6167284,13.8500268
146,Tarvisio,46.5052624,13.5783734
147,Udine,46.0634632,13.2358377
148,Palmanova,45.9054635,13.3099318
149,Mestre,45.4943063,12.2418053
150,Ravenna,44.364060699999996,12.059009490863945
151,Rimini,43.9470982,12.630768610516004
152,Fano,43.8424173,13.0146632
153,Ancona,43.480120400000004,13.218790609151764
154,Pescara,42.3102619,13.95759010584892
155,Canosa di Puglia,41.219631,16.067466
156,Bari,41.1257843,16.8620293
157,Brindisi,40.63591975,17.688443357842537
158,Igoumenitsa,39.5045005,20.2639166
159,Preveza,42.8938371,21.1805363
160,Rhion,50.5517594,4.8900616
161,Patras,47.5548707,1.9128434
162,Pyrgos,37.6722103,21.4392124
163,Kalamata,-7.7705025,28.2353525
164,Malmo,55.6052931,13.0001566
165,Ystad,55.4295203,13.8201171
166,Swinoujscie,53.827032849999995,14.335691469388852
167,Wolin,53.9131743,14.52001388837596
168,Goleniow,53.5656939,14.8299285
169,Szczecin,53.4301818,14.5509623
170,Gorzow Wielkopolski,52.7309926,15.2400451
171,Swiebodzin,52.2498357,15.5324973
172,Zielona Gora,51.9383777,15.5050408
173,Legnica,51.2081617,16.1603187
174,Jelenia Gora,50.8501049,15.653749235408073
175,Harrachov,50.7720087,15.4315431
176,Zelezny Brod,50.6430652,15.2539851
177,Turnov,50.5874068,15.1574182
178,Mlada Boleslav,50.4116187,14.9031301
179,Jihlava,49.396064,15.5903065
180,Brno,49.1922443,16.6113382
181,Bratislava,48.1516988,17.1093063
182,Rajka,47.997068,17.1960871
183,Csorna,47.6134153,17.2497955
184,Szombathely,47.2291184,16.6187625
185,Zalaegerszeg,46.8415803,16.8456316
186,Nagykanizsa,46.4548261,16.9923923
187,Letenye,46.433204,16.7230843
188,Zagreb,45.84264135,15.962231476593626
189,Karlovac,45.4892522,15.5486303
190,Rijeka,45.3267976,14.442208
191,Split,43.5116383,16.4399659
192,Dubrovnik,42.64873625,18.094680152605108
193,Petrovac,42.2068358,18.9428248
194,Podgorica,42.4415238,19.2621081
195,Bijelo Polje,43.0341595,19.7473559
196,Pristina,42.6638771,21.1640849
197,Skopje,41.9961816,21.4319213
198,Kicevo,42.8294323,19.3696372
199,Ohrid,41.1170203,20.8017387
200,Bitola,41.0316005,21.3302511
201,Niki,43.1514687,140.7664846
202,Vevi,50.93493,6.934379
203,Kozani,35.1561725,33.3696449
204,Larissa,32.0559958,-95.324951
205,Domokos,39.1278012,22.3032886
206,Lamia,8.9,12.016667
207,Brallos,-33.9779984,150.8558631
208,Itea,38.4334754,22.4239321
209,Antirrio,38.32040645,21.773343815135675
210,Aigio,38.2505699,22.0852909
211,Corinth,34.9343599,-88.5223353
212,Tripoli,32.896672,13.1777923
213,Kissamos,35.4933441,23.6594698
214,Chania,35.5120831,24.0191544
215,Vardo,70.3308158,30.96182045479223
216,Vadso,70.22671985,29.782800932798843
217,Varangerbotn,70.1727894,28.5556913
218,Utsjoki,69.907601,27.0252458
219,Inari,68.9062456,27.0260771
220,Ivalo,68.6588185,27.5348114
221,Sodankyla,67.4189716,26.5902179
222,Rovaniemi,66.5025657,25.73122
223,Kemi,65.7333404,24.5666495
224,Oulu,65.0118734,25.4716809
225,Jyvaskyla,62.2417066,25.7495727
226,Heinola,61.2027188,26.031371
227,Lahti,60.9826014,25.6613764
228,Helsinki,60.1674881,24.9427473
229,Gdansk,54.42880315,18.79832701217957
230,Swiecie,53.4072518,18.4455253
231,Lodz,51.7687323,19.4569911
232,Piotrkow Trybunalski,51.412853999999996,19.6886837487098
233,Katowice,50.2598987,19.0215852
234,Zilina,49.2234674,18.7393139
235,Gyor,47.687609,17.6346815
236,Budapest,47.4978789,19.0402383
237,Szeged,46.2546312,20.1486016
238,Subotica,46.1002058,19.6653273
239,Novi Sad,45.2551338,19.8451756
240,Belgrade,44.8178131,20.4568974
241,Nis,43.3211301,21.8959232
242,Kumanovo,42.1359459,21.7177635
243,Veles,41.718869,21.7705695
244,Gevgelija,41.1388664,22.5033192
245,Evzoni,41.1047002,22.5575583
246,Thessaloniki,40.6403167,22.9352716
247,Katerini,40.2713616,22.5087618
248,Athens,33.9597677,-83.376398
249,Heraklion,31.302979,30.120813
250,Agios Nikolaos,35.1905899,25.7175216
251,Sitia,13.85546,14.097398
252,Klaipeda,55.7127529,21.1350469
253,Kaunas,54.8982139,23.9044817
254,Vilnius,54.6870458,25.2829111
255,Lida,31.953371150000002,34.89028367347144
256,Slonim,53.0927071,25.3193209
257,Kobryn,52.2085858,24.3542923
258,Dubno,48.1914941,20.0014426
259,Ternopil,49.6630002,25.6167516
260,Chernivtsi,48.2864702,25.9376532
261,Siret,47.9516479,26.0692763
262,Suceava,47.53265345,25.834593917414125
263,Roman,48.836297599999995,1.047626206618487
264,Urziceni,44.717002,26.6324066
265,Bucharest,44.4361414,26.1027202
266,Giurgiu,43.8959058,25.9658111
267,Ruse,43.8480413,25.9542057
268,Byala,43.4593631,25.7365619
269,Veliko Tarnovo,43.2164885,25.611409300395785
270,Stara Zagora,42.4248111,25.6257479
271,Haskovo,41.763101000000006,25.92562551247896
272,Svilengrad,41.7689145,26.201814
273,Ormenio,41.7206399,26.2114331
274,Kastanies,41.6455761,26.4753534
275,Didymoteicho,41.3522327,26.5112325
276,Alexandroupoli,40.845666,25.8778814
277,Saint Petersburg,59.9606739,30.1586551
278,Pskov,57.8173923,28.3343465
279,Gomel,52.4238936,31.0131698
280,Kiev,50.4500336,30.5241361
281,Odessa,46.4843023,30.7322878
282,Samsun,41.2303557,35.9683338
283,Merzifon,40.8721392,35.4635383
284,Moscow,55.625578,37.6063916
285,Kaluga,54.5101087,36.2598115
286,Bryansk,53.27896405,34.36589361201107
287,Hlukhiv,51.67831,33.9093
288,Kirkenes,69.7271478,30.0448971
289,Murmansk,68.970665,33.07497
290,Petrozavodsk,61.7900426,34.390007
291,Orel,49.9193093,15.8390302
292,Kharkiv,49.9923181,36.2310146
293,Simferopol,44.9521459,34.1024858
294,Alushta,44.677112,34.4095393
295,Yalta,44.4970713,34.1586871
296,Yaroslavl,57.650843249999994,39.87186342970711
297,Voronezh,51.67993115,39.18375597402426
298,Novorossiysk,44.7239578,37.7690711
299,Mineralnye Vody,44.2107377,43.134969
300,Nalchik,43.4769604,43.5966578
301,Vladikavkaz,43.024593,44.68211
302,Stepantsminda,42.6579897,44.6408079
303,Mtskheta,41.846295,44.7195591
304,Tbilisi,41.6934591,44.8014495
305,Marneuli,41.4718258,44.8159789
306,Bolnisi,41.4493333,44.5369461
307,Yerevan,40.1777112,44.5126233
308,Goris,41.9818469,44.1117811
309,Megri,38.9013004,46.2459121
310,Tambov,52.731118499999994,41.434199146086904
311,Povorino,51.199276,42.24094
312,Volgograd,48.6484138,44.384975590129905
313,Astrakhan,46.3498308,48.0326203
314,Makhachkala,42.9830241,47.5048717
315,Kuba,23.0131338,-80.8328748
316,Baku,40.3755885,49.8328009
317,Alyat,2.3253349,32.6659206
318,Astara,38.51559775,48.82832234412608
319,Samara,53.198627,50.113987
320,Oral,51.2040697,51.3707863
321,Atyrau,47.6605827,50.806203
322,Beineu,45.3221097,55.1966215
323,Shetpe,44.1413139,52.1556413
324,Zhetybai,43.1775,52.8944
325,Fetisovo,54.91588015,46.61989159989118
326,Bekdash,31.9521787,35.9336233
327,Turkmenbasy,40.0053169,52.9928838
328,Gyzylarbat,38.9748448,56.2765852
329,Chelyabinsk,55.1598408,61.4025547
330,Kostanay,52.0615626,62.9372689
331,Esil,51.9601511,66.4088826
332,Derzhavinsk,51.0990849,66.3138516
333,Arkalyk,50.253281,66.914993
334,Jezkazgan,47.7964459,67.70618078166055
335,Kyzylorda,45.2058853,63.9155202
336,Shymkent,42.3146962,69.5883282
337,Tashkent,41.3123363,69.2787079
338,Ayni,-12.0870672,-76.9768354
339,Dushanbe,38.5762709,68.7863573
340,Panji Poyon,37.2127562,68.5813016
341,Ishim,56.1092126,69.457152
342,Astana,51.115320749999995,71.46636599643543
343,Karaganda,49.1767322,74.1811272
344,Balkhash,46.55825725,77.71087007268744
345,Burubaytal,42.2819,69.2431
346,Almaty,43.2363924,76.9457275
347,Bishkek,42.8777895,74.6066926
348,Naryn,41.36706575,75.99318378659194
349,Torugart Pass,40.5516903,75.3938887
350,Omsk,54.983006700000004,73.37452243916528
351,Pavlodar,51.8111545,76.4285287
352,Semey,50.39957975,80.24631761597493
353,Georgiyevka,52.2465586,40.448957
354,Maikapshagai,43.2462,79.6772
355,A,14.8971921,100.83273
356,Svolvaer,68.2321709,14.5646019
357,Melbu,36.6403282,5.3626372
358,Sortland,68.76729605,15.367917868560635
359,Lodingen,68.3944357,15.609655745604854
360,Evenes,68.49686075,16.906967779768962
361,Narvik,68.28988385,17.086538711321808
362,Kiruna,68.166667,19.5
363,Tore,65.9131293,22.6478278
364,Lulea,65.5831187,22.1459535
365,Shannon,37.1498052,-91.4328245
366,Limerick,52.661252,-8.6301239
367,Dublin,53.3493795,-6.2605593
368,Liverpool,53.4071991,-2.99168
369,Manchester,53.4794892,-2.2451148
370,Leeds,53.7974185,-1.5437941
371,Kingston upon Hull,53.76238625,-0.3301213755327681
372,Esbjerg,55.4664892,8.4520751
373,Helsingborg,56.0442098,12.703706
374,Halmstad,56.6739826,12.8574827
375,Orebro,59.2747287,15.2151181
376,Stockholm,59.3251172,18.0710935
377,Tallinn,59.4372155,24.7453688
378,Narva,59.3766729,28.1921457
379,Cork,51.897077,-8.4654674
380,Waterford,52.2609997,-7.1119081
381,Wexford,52.46018745,-6.606515459159162
382,Rosslare,52.2735675,-6.3869031
383,Fishguard,51.9938353,-4.97681
384,Swansea,51.6195955,-3.9459248
385,Bridgend,51.5049859,-3.5756674
386,Cardiff,51.4816546,-3.1791934
387,Newport,41.4899827,-71.3137707
388,Bristol,51.4538022,-2.5972985
389,Colchester,51.8896903,0.8994651
390,Ipswich,52.0579324,1.1528095
391,Felixstowe,51.9639098,1.3515106
392,The Hague,52.0799838,4.3113461
393,Gouda,52.018119350000006,4.711122134697802
394,Amersfoort,52.1562499,5.3896944
395,Oldenzaal,52.30853685,6.914603743122237
396,Osnabruck,52.2719595,8.047635
397,Bad Oeynhausen,52.2014399,8.7981244
398,Braunschweig,52.2646577,10.5236066
399,Magdeburg,52.1315889,11.6399609
400,Poznan,52.4082663,16.9335199
401,Warsaw,52.2319581,21.0067249
402,Brest,48.3905283,-4.4860088
403,Minsk,53.9024716,27.5618225
404,Smolensk,54.7814057,32.0461261
405,Ryazan,54.6295687,39.7425039
406,Penza,53.1937836,45.006741250609664
407,Ufa,52.3870936,13.122814833095239
408,Kurgan,55.41284775,65.38521650075313
409,Bruges,51.2085526,3.226772
410,Ghent,51.0538286,3.7250121
411,Brussels,50.8550018,4.3512333761166175
412,Leuven,50.879202,4.7011675
413,Eupen,50.6305665,6.0312717
414,Aachen,50.776351,6.083862
415,Olpe,51.0294497,7.8439105
416,Wetzlar,50.5525346,8.5074406
417,GieBen,50.5862066,8.6742306
418,Bad Hersfeld,50.8681341,9.7068481
419,Eisenach,50.9747134,10.3193565
420,Erfurt,50.9777974,11.0287364
421,Gera,50.8772301,12.0796208
422,Chemnitz,50.8323531,12.918914
423,Gorlitz,51.1563185,14.991018
424,Wroclaw,51.1089776,17.0326689
425,Opole,50.678792900000005,17.929884436033525
426,Gliwice,50.294113,18.6657306
427,Zabrze,50.3086154,18.7863749
428,Krakow,50.0619474,19.9368564
429,Rzeszow,50.013064,22.016143457294312
430,Jaroslaw,50.0159029,22.6796573
431,Korczowa,49.9522144,23.0797832
432,Lviv,49.841952,24.0315921
433,Rivne,51.2074112,26.5208033
434,Zhytomyr,50.9080532,28.3867504
435,Luhansk,49.2724587,38.9150477
436,Beyneu,45.4865845,54.7700278518584
437,Qongirot,39.9513883,66.9226518
438,Nukus,42.4600229,59.6176603
439,Dasoguz,41.3862117,58.5586047
440,Bukhara,39.7675529,64.4231326
441,Navoiy,42.0,64.0
442,Samarkand,39.6550017,66.9756954
443,Jizzakh,40.1331797,67.8234081
444,Zhambyl,44.4168463,72.134166
445,Sary-Ozek,44.1393623,79.7906168
446,Taldykorgan,45.0164138,78.3791841
447,Ucharal,46.176125,80.952568
448,Taskesken,41.409328,69.015411
449,Ayagoz,47.9651211,80.4365994
450,Oskemen,49.9484438,82.6274791
451,Ridder,50.338932,83.506157
452,Rennes,48.1113387,-1.6800198
453,Le Mans,48.0073849,0.1967849
454,Reims,49.2577886,4.031926
455,Saarbrucken,49.234362,6.996379
456,Mannheim,49.4892913,8.4673098
457,Heilbronn,49.142291,9.218655
458,Rozvadov,49.65354095,12.563823585623167
459,Plzen,49.7477415,13.3775249
460,Trencin,48.8922719,18.0387465
461,Presov,49.0000074,21.2392122
462,Kosice,48.7172272,21.2496774
463,Vysne Nemecke,48.6593683,22.2632096
464,Uzhhorod,48.6223731,22.3022572
465,Mukachevo,48.4421119,22.7185408
466,Stryj,51.7678403,21.9571187
467,Khmelnytskyi,49.268624,27.0635998
468,Vinnytsia,48.8990315,28.516068
469,Uman,48.7497621,30.2203052
470,Kirovohrad,48.1916774,31.6902953
471,Dnipropetrovsk,48.662589,34.9501715
472,Donetsk,48.0158753,37.8013407
473,Rostov-on-Don,47.2216548,39.7096061
474,Armavir,44.9993585,41.1294061
475,Lorient,47.7477336,-3.3660907
476,Vannes,47.6586772,-2.7599079
477,Nantes,47.2186371,-1.5541362
478,Angers,47.4739884,-0.5515588
479,Tours,47.3900474,0.6889268
480,Montargis,47.9978628,2.7310072
481,Auxerre,47.7961287,3.570579
482,Beaune,47.0239064,4.8380426
483,Dole,47.0921047,5.4925463
484,Besancon,47.2380222,6.0243622
485,Belfort,47.6379599,6.8628942
486,Zurich,47.3744489,8.5410422
487,Winterthur,47.4991723,8.7291498
488,St. Gallen,47.425618,9.3762397
489,St. Margrethen,47.4510277,9.6410249
490,Bregenz,47.5025779,9.7472924
491,Feldkirch,47.8647485,7.2730686
492,Landeck,47.1424135,10.5704571
493,Telfs,47.3046511,11.071515
494,Lauterach,48.2550946,9.5824418
495,Imst,47.2381536,10.7406982
496,Bad Reichenhall,47.7222676,12.8760923
497,Sattledt,48.0702992,14.0581292
498,Sankt Polten,48.193315,15.619871498286466
499,Vienna,48.2083537,16.3725042
500,Nickelsdorf,47.9403019,17.0661763
501,Mosonmagyarovar,47.8731793,17.2722342
502,Szolnok,47.1753833,20.1946279
503,Puspokladany,47.3196043,21.1122524
504,Oradea,47.0549163,21.9285231
505,Cluj-Napoca,46.769379,23.5899542
506,Turda,46.5685214,23.7853643
507,Targu Mures,46.5446253,24.561196
508,Brasov,45.6525105,25.6105654
509,Ploiesti,44.9417468,26.0236504
510,Slobozia,44.5635999,27.3618477
511,Harsova,44.6845557,27.9513766
512,Constanta,44.172889600000005,28.621515355297706
513,Agigea,44.0911993,28.6104977
514,Poti,20.4627211,78.541367
515,Senaki,-8.5053698,123.449128
516,Samtredia,42.16450485,42.349989689065154
517,Kutaisi,42.2588629,42.662991965434514
518,Khashuri,41.9972652,43.5989395
519,Gori,11.4239817,-2.3988445
520,Rustavi,41.54309,45.0112804
521,Ganja,40.6798083,46.3597178
522,Yevlakh,40.6111615,47.1479948
523,Ashgabat,37.9404648,58.3823487
524,Tejen,37.38463,60.5027245
525,Mary,37.1302916,62.4019513
526,Turkmenabat,39.0733839,63.5831564
527,Alat,39.9477043,49.4066384
528,Karshi,9.418620149999999,8.506198129505279
529,Guzar,38.6213611,66.2521604
530,Sherobod,37.6711178,67.0166342
531,Termez,37.2442466,67.283151
532,Jirgatal,39.2097,73.8723
533,Sary Tash,39.728053,73.2487019
534,Irkeshtam,39.6786591,73.8988147
535,A Coruna,43.3709703,-8.3959425
536,Bilbao,43.2630018,-2.9350039
537,Clermont-Ferrand,45.7774551,3.0819427
538,Chambery,45.5662672,5.9203636
539,Susa,45.1372115,7.0539789
540,Turin,45.0677551,7.6824892
541,Tortona,44.89666,8.8641282
542,Brescia,45.77958045,10.4258729694612
543,Trieste,45.6496485,13.7772781
544,Postojna,45.7752847,14.2139937
545,Ljubljana,46.0500268,14.5069289
546,Slavonski Brod,45.1665803,18.0121385
547,Vrsac,45.1211263,21.2960485
548,Timisoara,45.7538355,21.2257474
549,Drobeta-Turnu Severin,44.6257835,22.6531975
550,Craiova,44.3190159,23.7965614
551,Alexandria,44.83495335,8.745030418605868
552,Razgrad,43.5258211,26.5230603
553,Shumen,43.2703797,26.9247362
554,Varna,43.2073873,27.9166653
555,Ordu,40.8292569,37.4082764
556,Giresun,40.6531617,38.5172032
557,Trabzon,41.0054605,39.7301463
558,Batumi,41.6509502,41.6360085
559,Lisbon,38.7077507,-9.1365919
560,Valladolid,41.6521328,-4.728562
561,Toulouse,43.6044622,1.4442469
562,Nice,43.7009358,7.2683912
563,Sofia,-15.2538402,48.2562163
564,Plovdiv,42.1418541,24.7499297
565,Istanbul,41.0766019,29.052495
566,Izmit,40.7718611,29.9498078
567,Gerede,40.7987548,32.2009075
568,Amasya,40.6569451,35.7727169
569,Erzurum,39.7581897,41.4032241
570,Gurbulak,39.4181258,44.352677
571,Iran,32.6475314,54.5643516
572,Mazara del Vallo,37.6537292,12.5886912
573,Palermo,38.1112268,13.3524434
574,Reggio Calabria,38.1035389,15.6397556
575,Metaponto,40.3740777,16.8100961
576,Taranto,40.54881555,17.08058012454743
577,Ioannina,39.6639818,20.8522784
578,Gelibolu,40.4054063,26.6722539
579,Lapseki,40.3443674,26.6845975
580,Bursa,39.9895878,28.8944669
581,Ankara,39.7160439,32.7059948
582,Adana,36.9863599,35.3252861
583,Nusaybin,37.0691755,41.2164671
584,Khabur River,36.5746636,40.4599482
585,Iraq,33.0955793,44.1749775
586,Larne,54.8508458,-5.8183116
587,Belfast,54.596391,-5.9301829
588,Newry,54.1775283,-6.337506
589,Dundalk,54.0046033,-6.4008879
590,Drogheda,53.7149877,-6.3524183
591,Pontevedra,42.6075172,-8.4714942
592,Valenca,44.9332277,4.8920811
593,Porto,41.1494512,-8.6107884
594,Albufeira,37.088241,-8.2526339
595,Castro Marim,37.2179367,-7.4457102
596,Huelva,37.2575874,-6.9484945
597,Cherbourg-Octeville,49.6343543,-1.6285770868661507
598,La Rochelle,46.1591126,-1.1520434
599,Trelleborg,55.37592,13.1461522
600,Oslo,59.9133301,10.7389701
601,Hamar,61.0014937,11.16479641006573
602,Lillehammer,61.1145451,10.4670073
603,Dombas,62.0755539,9.1278983
604,Trondheim,63.4304475,10.3952118
605,Stjordal,63.4627028,11.134472299094192
606,Steinkjer,64.050737,11.481908998592733
607,Mosjoen,65.8375342,13.1892098
608,Mo i Rana,66.3110969,14.1386991
609,Rognan,67.1014386,15.3935626
610,Fauske,67.23671525,15.784422075480048
611,Ballangen,68.342872,16.8313381
612,Setermoen,68.8609408,18.3482428
613,Alta,55.001251,-115.002136
614,Olderfjord,70.4739478,25.0705774
615,Lakselv,70.0524983,24.9606571
616,Karasjok,69.4718736,25.5111384
617,Pau  Pyrenees-Atlantiques,43.2957547,-0.3685668
618,Jaca,42.5692515,-0.549372
619,Zaragoza,41.6521342,-0.8809428
620,Vierzon,47.2217489,2.0691421
621,Montlucon,46.3400296,2.6073963
622,Montpellier,43.6112422,3.8767337
623,Doncaster,53.5227681,-1.1335312
624,Sheffield,53.3806626,-1.4702278
625,Nottingham,52.9534193,-1.1496461
626,Leicester,52.6362,-1.1331969
627,Northampton,52.23433665,-0.9028072768185829
628,Antwerp,51.2211097,4.3997081
629,Martigny,49.8597222,4.1375
630,Sarreguemines,49.1094836,7.0708865
631,Ludwigshafen,49.4704113,8.4381568
632,La Spezia,44.23836595,9.691232634547537
633,Bremen,53.0758196,8.8071646
634,Orkanger,63.304819,9.8496676
635,Vinjeora,63.2061652,8.9859773
636,Halsa,66.7437106,13.5759233
637,Straumsnes,68.4408719,17.6559363
638,Kristiansund Mainland Connection,63.1213,7.7745
639,Batnfjordsora,62.8933784,7.679776
640,Molde,62.60162565,8.138620840166594
641,Vestnes,62.56819005,7.11060774159323
642,Skodje,62.5037394,6.6962479
643,Alesund,62.48023635,6.555073940277875
644,Volda,62.08037975,6.274410767523168
645,Nordfjordeid,61.907681,5.9891381
646,Sandane,8.40685,17.5976667
647,Forde,61.4521759,5.8571725
648,Lavik,61.103562,5.5131038
649,Instefjord,60.9865241,5.4837486
650,Knarvik,60.5461492,5.285399
651,Bergen,60.3943055,5.3259192
652,Os,43.3890851,-0.6150563
653,Stord,59.82502055,5.488370639966453
654,Sveio,59.61370615,5.4117567089092296
655,Aksdal,59.4230834,5.445157
656,Bokn,59.19252415,5.475702645238316
657,Rennesoy,59.11483665,5.649151657986611
658,Randaberg,59.021066649999995,5.564876566360093
659,Stavanger,58.9699675,5.7318101
660,Sandnes,58.983132049999995,6.394641047340787
661,Helleland,60.3368036,6.6579929
662,Flekkefjord,58.294935699999996,6.612962604643913
663,Lyngdal,58.1516995,7.0523045432054
664,Mandal,58.0268181,7.4534802
665,Kristiansand,58.085627599999995,7.93185802875815
666,Hirtshals,57.5908031,9.9649737
667,Hjorring,57.457183,9.9855998
668,Norresundby,57.0607251,9.9241319
669,Dortmund,51.5142273,7.4652789
670,Aschaffenburg,49.9740542,9.1493636
671,Stuttgart,48.7784485,9.1800132
672,Schaffhausen,47.6960491,8.634513
673,Ulm,48.3984635,9.9910194
674,Lindau,47.550753,9.6926624
675,Buchs,47.1627634,9.4764086
676,Chur,46.854747,9.5264904
677,San Bernardino,34.8253019,-116.0833144
678,Rodby,54.6940639,11.3902205
679,Puttgarden,54.4964975,11.2121117
680,Oldenburg in Holstein,54.2922574,10.8809805
681,Lubeck,53.866444,10.684738
682,Halle,51.4825041,11.9705452
683,Plauen,50.4950632,12.1346523
684,Schonberg,53.6781808,10.4318363
685,Vojtanov,50.168417,12.3168787
686,Cheb,50.0793511,12.3703526
687,Karlovy Vary,50.2306216,12.8701437
688,Ceske Budejovice,48.9747357,14.474285
689,Halamky,48.8531369,14.9151247
690,Leipzig,51.3406321,12.3747329
691,Hirschberg,50.8501049,15.653749235408073
692,Hof,50.3219015,11.9178807
693,Bayreuth,49.9427202,11.5763079
694,Bayerisch Eisenstein,49.1222843,13.2031944
695,Deggendorf,48.7814115,13.0006423
696,Liezen,47.5070965,14.212568375549036
697,Sankt Michael,47.1277657,16.2696536
698,Graz,47.0708678,15.4382786
699,Maribor,46.5576439,15.6455854
700,Spielfeld,46.7067148,15.6333168
701,Karavanke Tunnel,46.4956,14.0014
702,Naklo,46.2727921,14.3150815
703,Kemijarvi,66.7161179,27.4333534
704,Posio,66.1092595,28.1650783
705,Kuusamo,65.9645637,29.1883283
706,Kajaani,64.2240872,27.7334227
707,Iisalmi,63.5567679,27.1892281
708,Kuopio,62.8924601,27.6781839
709,Tampere,61.4980214,23.7603118
710,Turku,60.4517531,22.2670522
711,Riga,56.9493977,24.1051846
712,Klodzko,50.43371175,16.642246491692106
713,Kudowa-Zdroj,50.445785650000005,16.25414734199097
714,Nachod,50.4167025,16.1622871
715,Hradec Kralove,50.2092113,15.8327512
716,Nordkapp,71.1699506,25.7858893
717,Miskolc,48.1030643,20.7900429
718,Balatonvilagos,46.9641731,18.159314
719,Knin,44.04085,16.199433
720,Szekszard,46.3484884,18.701663
721,Mohacs,45.9933836,18.6821079
722,Osijek,45.5548793,18.6953685
723,Dakovo,45.3080745,18.4116376
724,Samac,45.0606892,18.4693465
725,Zenica,44.199828,17.9093012
726,Mostar,43.3435855,17.8076584
727,Metkovic,43.0535329,17.6499111
728,Siauliai,55.9340823,23.3157775
729,Tolpaki,54.1069,22.1722
730,Kaliningrad,54.710128,20.5105838
731,Elblag,54.1558708,19.4044583
732,Radom,51.41716055,21.160944780832743
733,Trstena,49.3593197,19.6078094
734,Ruzomberok,49.0815718,19.3034168
735,Zvolen,48.5782517,19.1247135
736,Debrecen,47.531399,21.6259782
737,Berettyoujfalu,47.2247273,21.5355206
738,Beius,46.6667533,22.3527085
739,Deva,45.8817402,22.9008611
740,Petrosani,45.4143907,23.3740904
741,Targu Jiu,45.0422947,23.2728118
742,Calafat,43.9942983,22.9337027
743,Vidin,43.8012835,22.679487436277284
744,Vraca,43.8443929,18.39556600941973
745,Botevgrad,42.9078544,23.7929451
746,Blagoevgrad,41.750287,23.48734109762355
747,Serres,48.6911344,6.4642569
748,Halmeu,47.9789957,23.0136502
749,Satu Mare,47.7891763,22.8725598
750,Zalau,47.1819416,23.0562143
751,Sebes,45.9575384,23.5691574
752,Sibiu,45.7973912,24.1519202
753,Pitesti,44.8572343,24.8719422
754,Pleven,48.4906799,-2.3194471
755,Jablanica,43.6617485,17.7618471
756,Izmail,45.3511307,28.8361514
757,Reni,52.2797707,7.4373615
758,Galati,45.4338215,28.0549395
759,Tulcea,45.177518,28.8016348
760,Burgas,42.444553,27.208264534658166
761,Malko Tarnovo,41.9803021,27.5244404
762,Derekoy,41.4266649,33.8152204
763,Kirklareli,41.7078046,27.6051334
764,Babaeski,41.4302616,27.0917789
765,Havsa,41.5493038,26.8205643
766,Kesan,40.8548793,26.6303057
767,Ayvalik,39.3181095,26.6916837
768,Izmir,38.23166,27.02997
769,Selcuk,37.9507326,27.3698345
770,Aydin,37.7405798,28.0676404
771,Denizli,37.8275892,29.2389539
772,Acipayam,37.4269098,29.3502917
773,Korkuteli,37.0666523,30.1970497
774,Antalya,36.8864752,30.7029585
775,Kizilcahamam,40.4701353,32.6470619
776,Toprakkale,38.5205001,43.4038002
777,Iskenderun,36.5902266,36.1710354
778,Antakya,36.2036546,36.1637648
779,Yayladagi,35.9029545,36.0625987
780,Syria,34.6401861,39.0494106
781,Kherson,46.5421715,33.4079326
782,Dzhankoy,45.7119746,34.3927394
783,Sochi,43.5854823,39.723109
784,Sukhumi,43.0033629,41.0192741
785,Zugdidi,42.5067616,41.8713297
786,Sanliurfa,37.2595198,39.0408174
787,Diyarbakir,37.9162222,40.2363542
788,Bitlis,38.4950867,42.1678372
789,Dogubeyazit,39.5483366,44.0793593
790,Igdir,41.2260175,33.1373214
791,Dilucu,39.6541227,44.79957608503605
792,Sadarak,39.68724815,44.88445661256573
793,Jonkoping,57.7825634,14.165719
794,Linkoping,58.4098135,15.6245252
795,Norrkoping,58.5909124,16.1903511
796,Sodertalje,59.1964289,17.6271663
797,Uppsala,59.8586126,17.6387436
798,Sundsvall,62.3907552,17.3071024
799,Ornskoldsvik,63.2888613,18.7160209
800,Umea,63.8256568,20.2630745
801,Haparanda,65.835667,24.1357213
802,Tornio,65.8457589,24.1464
803,Tromso,69.6516345,18.9558585
804,Nordkjosbotn,69.2173185,19.5583133
805,Skibotn,69.3907984,20.2678449
806,Kilpisjarvi,69.0454638,20.8004
807,Kolari,67.3303348,23.7814738
808,Kokkola,63.8391421,23.1336845
809,Vaasa,63.0957722,21.6159187
810,Pori,61.4865542,21.7968951
811,Hameenlinna,60.9948584,24.46654
812,Derry,54.9978678,-7.3213056
813,Arna,60.4202652,5.4666318
814,Voss,60.6837067,6.407905054203272
815,Laerdal,61.03861345,7.8032867220845485
816,Tyin,61.2935851,8.209065612074305
817,Fagernes,60.9860981,9.236413
818,Honefoss,60.1662082,10.255486
819,Sandvika,59.8921158,10.5249914
820,Craigavon,54.4507201,-6.3921622
821,Stranraer,54.9044332,-5.026204
822,Gretna,29.9146493,-90.0539604
823,Carlisle,54.8948478,-2.9362311
824,Arendal,58.42673005,8.94694911492874
825,Porsgrunn,59.103735,9.736353765927529
826,Larvik,59.0967308,10.021929959972812
827,Sandefjord,59.07990035,10.28043216859497
828,Horten,59.4101728,10.443739186052063
829,Drammen,59.6964936,10.175641950012762
830,Askim,59.5832224,11.1641908
831,Karlstad,59.3809146,13.5027631
832,Vasteras,59.6110992,16.5463679
833,Stockholm/Kapellskar,59.7203711,19.0607758
834,Turku/Naantali,60.439622,22.2267274
835,Kotka,60.4674228,26.9450844
836,Vaalimaa,60.598218,27.8124767
837,Vyborg,60.709217,28.744051
838,Holyhead,53.3106715,-4.6330966
839,Chester,53.1908873,-2.8908955
840,Warrington,53.4018582,-2.5680223597163048
841,Immingham,53.6159963,-0.2136727
842,Groningen,53.2190652,6.5680077
843,Sassnitz,54.516728,13.644119
844,Kalmar,56.6628826,16.3662382
845,Ventspils,57.3903918,21.5635991
846,Rezekne,56.506281,27.3306623
847,Velikiye Luki,56.342361,30.527922
848,Vladimir,56.1288899,40.4075203
849,Nizhny Novgorod,56.27692915,43.92129807149434
850,Kazan,40.2054445,32.6813148
851,Yelabuga,55.7577131,52.0539938
852,Perm,58.014965,56.246723
853,Yekaterinburg,56.839104,60.60825
854,Tyumen,57.153534,65.542274
855,Cambridge,52.2055314,0.1186637
856,Koszalin,54.20717985,16.21754108699583
857,Slupsk,54.46357705,17.02094802171876
858,Gdynia,54.5164982,18.5402738
859,Nesterov,54.6325455,22.5710998
860,Marijampole,54.5562536,23.3503665
861,Harwich,51.9445801,1.2898522
862,Zeebrugge,51.3312211,3.207561
863,Venlo,51.39244885,6.1511724144122955
864,Cottbus,51.7567447,14.3357307
865,Kursk,69.6,37.566667
866,Saratov,51.530018,46.034683
867,Aktobe,50.2836268,57.2298651
868,Karabutak,52.2235264,59.8028601
869,Aral,40.5421865,81.2770789
870,Novokazalinsk,45.844875,62.153023
871,Dunkirk,51.0347708,2.3772525
872,Lille,50.6365654,3.0635282
873,Mons,50.445820850000004,3.977683401229719
874,Charleroi,50.4116233,4.444528
875,Namur,50.4665284,4.8661892
876,St. Vith,50.2803881,6.1258953
877,Wittlich,49.9850353,6.88844
878,Bingen,49.9667,7.9
879,Wiesbaden,50.0820384,8.2416556
880,Amiens,49.8941708,2.2956951
881,Charleville-Mezieres,49.7735712,4.7206939
882,Trier,49.7596208,6.6441878
883,Koblenz,50.3533278,7.5943951
884,Caen,49.1813403,-0.3635615
885,Rouen,49.4404591,1.0939658
886,Schweinfurt,50.0499945,10.233302
887,Marktredwitz,50.0009915,12.0856433
888,Appenweier,48.027117,7.4406042
889,Chaumont,48.1111324,5.1395849
890,Waldshut,47.672925,8.2204166
891,Regensburg,49.0195333,12.0974869
892,Passau,48.5748229,13.4609744
893,Wels,52.2928116,-3.73893
894,Iasi,47.1615416,27.5837224
895,Sculeni,47.3152068,27.6070241
896,Chisinau,47.0245117,28.8322923
897,Mykolaiv,47.3886032,31.9442334
898,Melitopol,46.8467267,35.3827281
899,Taganrog,47.2153657,38.9285216
900,Poitiers,46.5802596,0.340196
901,Macon,46.3036683,4.8322266
902,Sion,43.73903,0.00822
903,Simplon,48.8938481,2.3478412
904,Gravellona Toce,45.930175,8.431222
905,Innichen,46.7328719,12.2791673
906,Spittal an der Drau,46.7982211,13.4963308
907,Klagenfurt,46.623943,14.3075976
908,Veszprem,47.0933824,17.9080406
909,Szekesfehervar,47.1910169,18.410811
910,Arad,46.1753793,21.3196342
911,Cuneo,44.45807035,7.558136691151624
912,Asti,44.826012649999996,8.202686328987273
913,Pisa,43.7159395,10.4018624
914,Migliarino,44.769878,11.933721
915,Grosseto,42.7751102,11.287804427628437
916,Arezzo,43.51720195,11.763879181253118
917,Sansepolcro,43.5700776,12.1403766
918,Vila Real,39.9372616,-0.1004465
919,Braganca,41.5084468,-6.773302360533066
920,Zamora,41.6857693,-5.942315044623113
921,Tordesillas,41.500851,-5.00053
922,Tekirdag,40.9913019,27.3676293
923,Silivri,41.0742476,28.2481709
924,Kristalopigi,39.4667,20.8333
925,Florina,-14.518124,131.9114434355315
926,Banitsa,40.7674406,21.6163022
927,Gefira,35.1738633,24.4660056
928,Yozgat,39.7152422,35.170998
929,Sivas,39.4191717,37.1012388
930,Refahiye,40.8472101,37.6550755
931,Trikala,39.5560869,21.7678844
932,Volos,39.36178065,22.932978445691234
933,Megara,37.9965887,23.3445017
934,Attiki Odos,38.0717992,23.7038396
935,Usak,43.3425646,19.9594974
936,Afyonkarahisar,38.6852729,30.6427411
937,Sivrihisar,39.4510335,31.5367967
938,Topbogazi,36.434368,36.3011467
939,Kirikhan,36.4989553,36.3621728
940,Reyhanli,36.2684483,36.5672311
941,Cilvegozu,36.248396,36.6383913
942,Sadakhlo,41.4100234,44.9693136
943,Bagratashen,41.2429366,44.81821
944,Vanadzor,40.8112384,44.4851821
945,Saatly Rayon,39.9197674,48.3537361
946,Mehgri,39.8086,44.7451
947,Ordubad,39.076021499999996,45.922805322028886
948,Djulfa,39.3436,45.9325
949,Nakhchivan,39.217497,45.4069671
950,Uchkuduk,41.3083541,69.2500103
951,Gaudan,37.912273150000004,58.4015374538741
952,Kzylorda,44.8528,65.5092
953,Guza,6.371944,-9.383333
954,Kokand,40.5331676,70.94009009100594
955,Andijan,40.7740809,72.5355339
956,Osh,40.5303613,72.7910097
957,Kulob,37.90670435,69.77616526823888
958,Kalaikhumb,37.7846,69.7777
959,Khorugh,37.4903687,71.5493236
960,Murghab,35.467372,63.472159
961,Kulma,32.9598499,76.6338014
962,Ishkoshim,36.726816,71.6142247
963,Lyanga,2.6219217,30.8227983
964,China,35.000074,104.999927
965,Kokpek,43.4383256,78.8407872
966,Kegen,43.021698,79.22316
967,Tyup,42.7245047,78.8117123
968,Chundzha,43.9684,79.8673
969,Koktal,42.995712,71.436066
970,Khorgas,44.2165221,80.41214
971,Usharal,46.176125,80.952568
972,Druzhba,52.0476694,33.9429257
973,Bakhty,52.8489,82.6639
974,Zapadnoe,64.00996545,113.04783189265186
975,Zhaksy,51.908749,67.31617
976,Atbasar,51.8099624,68.3584729
977,Uspenovka,41.5734393,71.8111118
978,Petropavl,54.8668104,69.1334984
979,Haugesund,59.46824785,5.082761213563481
980,Roldal,59.8333844,6.8151977
981,Haukeli,59.7359557,7.5578159
982,Seljord,59.57344535,8.512253409438468
983,Kongsberg,59.594550049999995,9.670860075643745
984,Tresfjord,62.5223664,7.1295147
985,Andalsnes,62.5681692,7.6867621
986,Portlaoise,53.0340093,-7.3000591
987,Hoogeveen,52.7264258,6.49308148854467
988,Haselunne,52.6718718,7.4830538
989,Cloppenburg,52.8461339,8.0438783
990,Cuxhaven,53.58724195,8.88407915140169
991,Bremerhaven,53.5505392,8.5851945
992,Walsrode,52.8625395,9.5883023
993,Stralsund,54.3096314,13.0820846
994,Neubrandenburg,53.5574458,13.2602781
995,Ukmerge,55.2477293,24.7599714
996,Daugavpils,55.8712267,26.5159337
997,Ostrov,48.7189697,22.1643166
998,Tartu,58.3801207,26.72245
999,Voru,57.8385759,27.0086505
1000,Luhamaa,57.6421726,27.3729363
1001,Johvi,59.3579433,27.4135654
1002,Valga,57.777034,26.0315628
1003,Valka,57.7729106,26.0160341
1004,Valmiera,57.5389148,25.4261688
1005,Incukalns,57.099178949999995,24.690561161400588
1006,Keila,59.3110918,24.420907
1007,Paldiski,59.349089,24.0801736
1008,Babruysk,53.1449683,29.2281209
1009,Palanga,55.9229818,21.0682657
1010,Panevezys,55.7344985,24.3578055
1011,Breda,51.5887845,4.7760237
1012,Gorinchem,51.8296133,4.9738743
1013,Flushing,51.49433865,3.415005767601362
1014,Hasselt,50.9303735,5.3378043
1015,Heerlen,50.8775239,5.981506585454879
1016,Barwinek,51.1194713,19.6683406
1017,Vysny Komarnik,49.4047034,21.706582792006664
1018,Svidnik,49.3085082,21.5733508
1019,Lublin,51.250559,22.5701022
1020,Kovel,51.2120538,24.708894
1021,Trosna,52.448105,35.780979
1022,Glukhkov,51.5185,33.8866
1023,Saint-Brieuc,48.5141134,-2.7603283
1024,Roeselare,50.9444948,3.124765
1025,Kortrijk,50.8276429,3.2659884
1026,Tournai,50.6056458,3.3878179
1027,Jabbeke,51.19121935,3.1007691675316793
1028,Nivelles,50.5976885,4.3235854
1029,Eynatten,50.6974991,6.098361311664087
1030,Teplice,50.6406644,13.8244461
1031,Olomouc,49.5940567,17.251143
1032,Svitavy,49.7562053,16.4688995
1033,Cesky Tesin,49.7464018,18.6260976
1034,Courtney,40.2186816,-79.9686617
1035,Troyes,48.2971626,4.0746257
1036,Remiremont,48.0158951,6.5912615
1037,Donaueschingen,47.9534194,8.4959257
1038,Memmingen,47.9867696,10.181319
1039,Fussen,47.5675998,10.6993217
1040,Garmisch-Partenkirchen,47.4923741,11.0962815
1041,Mittenwald,47.4429543,11.2655684
1042,Seefeld,47.3289241,11.1867187
1043,Humpolec,49.5418861,15.3586709
1044,Braunau am Inn,48.253136,13.039506
1045,Ziar nad Hronom,48.5910183,18.8500892
1046,Nyiregyhaza,47.9557802,21.7167982
1047,Chop,48.4313665,22.2063694
1048,Bacau,46.4228703,26.716399078506697
1049,Dunajska Streda,47.9893751,17.6202595
1050,Medvedov,47.8000105,17.6607602
1051,Vamosszabadi,47.7529429,17.6486876
1052,Dej,47.1426672,23.8759884
1053,Buzau,45.26925815,26.7748172789942
1054,Saratel,45.1765842,26.0949397
1055,Reghin,46.7796886,24.7000238
1056,Toplita,46.9241232,25.352455
1057,Gheorgheni,46.7213467,25.5998915
1058,Miercurea-Ciuc,46.3614042,25.8026675
1059,Sfantu Gheorghe,45.8659935,25.7865367
1060,Chichis,45.7752316,25.8003306
1061,Tisita,45.8452967,27.2105426
1062,Tecuci,45.8457816,27.4290798
1063,Albita,46.7974786,28.1451896
1064,Leuseni,47.4818344,28.4324595
1065,Sabaoani,47.0120586,26.8650312
1066,Balti,47.7623952,27.9286022
1067,Mohyliv-Podilskyi,48.442544,27.7991124
1068,Poltava,49.8607809,33.7498787
1069,Giurgiulesti,45.4825418,28.1981804
1070,Krasnodar,45.0351532,38.9772396
1071,Djoubga,43.5641,39.8056
1072,Niort,46.3241132,-0.4649403
1073,Saintes,45.7460663,-0.6300671
1074,Angouleme,45.6484505,0.1561947
1075,Limoges,45.8354243,1.2644847
1076,Digoin,46.4810422,3.9786291
1077,Chalon-sur-Saone,46.7888997,4.8529605
1078,Pont-d'Ain,46.052,5.34554
1079,St. Johann in Tirol,47.5224141,12.4286809
1080,Lofer,47.5866984,12.6934197
1081,Altenmarkt im Pongau,47.3783583,13.4233713
1082,Loiblpass,46.4391714,14.2667058
1083,Torniyiszentmiklos,46.6086,18.3415
1084,Balatonkeresztur,46.6976597,17.3703877
1085,Nagyatad,46.229143,17.3570964
1086,Barcs,45.9605366,17.4634342
1087,Virovitica,45.8331834,17.3853058
1088,Okucani,45.2602183,17.1997528
1089,Banja Luka,44.7720845,17.1917651
1090,Jajce,44.3393339,17.271046
1091,Donji Vakuf,44.144488,17.3949964
1092,Sombor,45.7727397,19.1147036
1093,Lugoj,45.6862542,21.9063162
1094,Ilia,45.9316588,22.6564101
1095,Negru Voda,43.8189086,28.2140473
1096,Kardam,43.7546011,28.1057178
1097,Ashtarak,40.2886849,44.3613061
1098,Gyumri,40.78413735,43.84394146962765
1099,Ashotsk,41.0372507,43.8611414
1100,Akhalkalaki,41.4077907,43.4854274
1101,Akhaltsikhe,41.6395128,42.9859225
1102,Vale  Georgia,41.6158832,42.87502504134443
1103,Turkgozu,41.5800821,42.8191224
1104,Posof,41.5083775,42.7279524
1105,Kars,40.4558435,42.9979531
1106,Horasan,40.0400073,42.1690102
1107,Supsa,42.0139985,42.2127557
1108,Lanchkhuti,42.0867738,42.0308461224039
1109,Grenoble,45.1875602,5.7357819
1110,Marseille,43.2961743,5.3699525
1111,Valence,39.4697065,-0.3763353
1112,Savona,44.2334238,8.252572737021062
1113,Pula,44.8702281,13.8455311
1114,Koper,45.5479864,13.7304781
1115,Bihac,44.8146563,15.86896
1116,Sarajevo,43.8519774,18.3866868
1117,Uzice,43.8564957,19.840273
1118,Cacak,43.8914332,20.3491624
1119,Kraljevo,43.7234519,20.6870792
1120,Krusevac,42.5766652,20.3541137
1121,Pojate,43.74213,21.455456
1122,Paracin,43.8636301,21.4099615
1123,Zajecar,43.9030925,22.2785536
1124,Nova Varos,44.7820318,17.1948928
1125,Yablanitsa,43.0250359,24.1005871
1126,Popovica,44.2226147,22.2807183
1127,Coimbra,40.2111931,-8.4294632
1128,Viseu,40.6574713,-7.9138664
1129,Chaves,41.7399003,-7.4715213
1130,Verin,41.9406091,-7.4406032
1131,Guarda,40.7046066,-7.195139236071309
1132,Castelo Branco,39.97675825,-7.446059929966704
1133,Portalegre,39.2076447,-7.721513354015343
1134,Evora,38.5707742,-7.9092808
1135,Beja,38.0154479,-7.8650368
1136,Ourique,37.651112,-8.2237262
1137,Salamanca,40.9651572,-5.6640182
1138,Merida,38.9174665,-6.3443977
1139,Logrono,42.4661196,-2.4396676
1140,Famalicao,41.4065175,-8.5187481
1141,Torres Novas,39.47962,-8.53955
1142,Abrantes,39.4631905,-8.1973618
1143,San Cesareo,41.819196,12.8003335
1144,Olbia,40.9232659,9.5027442
1145,Avellino,40.9965446,15.1405690365004
1146,Benevento,41.2476307,14.705705363146528
1147,Spezzano Albanese,39.668801,16.31049
1148,Sybaris,39.71723215,16.489821758184902
1149,Crotone,39.1873894,16.87828188895307
1150,Potenza,40.5183188,15.82095999021995
1151,Sant'Eufemia Lamezia,38.9202313,16.2525097
1152,Catanzaro,38.82996034999999,16.43155687627833
1153,Prizren,42.2130151,20.7363339
1154,Kyustendil,42.334942749999996,22.88841163833711
1155,Balikesir,39.5400798,28.0228793
1156,Manisa,38.8574402,28.0565711
1157,Cesme,38.3228053,26.3028171
1158,Jaen,37.9557275,-3.492055612037218
1159,Granada,37.1734995,-3.5995337
1160,Buonfornello,37.9731879,13.8236638
1161,Enna,37.5667573,14.2807473
1162,Alcamo,37.9766497,12.9626735
1163,Trapani,38.0173961,12.5160225
1164,Arta,11.3861664,42.5742801
1165,Agrinio,38.6248275,21.4094206
1166,Messolonghi,38.3686353,21.4283544
1167,Aktio,34.926108299999996,135.75087501469
1168,Vonitsa,38.9184883,20.8893237
1169,Amfilochia,38.8634219,21.1666731
1170,Karpenisi,38.9152433,21.7943495
1171,Sparti,37.0744494,22.4301778
1172,Gytheio,36.759581,22.5697688
1173,Eleusina,47.0836247,51.885499
1174,Thebes,37.2208838,-89.4609209
